p=10.0    sv=10.0    n=1.2815944
p=10.0    sv=12.0    n=1.325168
p=12.0    sv=10.0    n=1.2472068
p=12.0    sv=12.0    n=1.2890102
